# Loss function L(Q,w) and dynamical structure factor S(Q,w)
#
# L(Q,w)= -Im(1/eps_m(Q,w) [1]
# S(Q,w)= L(Q,w)*|Q|^2*/(4 pi^2 n_val) [Energy^-1]
#
# Momentum transfer Q=G+q in lattice coordinates
# G:   0   0   0
# q:   0.0000000   0.0000000   0.0000000
# Momentum transfer Q=G+q in Cartesian coordinates
# G:   0.0000000   0.0000000   0.0000000
# q:   0.0000000   0.0000000   0.0000000
# Norm2(G+q)   0.0000000
#
#   Frequency/(eV/hbar)                  L(Q,w)             S(Q,w)*1000
+0.0000000000000000E+00 +0.4835521117281105E-22 +0.0000000000000000E+00
+0.5442276772000000E-01 +0.3276062139931099E-02 +0.0000000000000000E+00
+0.1088455354400000E+00 +0.6595633384421594E-02 +0.0000000000000000E+00
+0.1632683031600000E+00 +0.1000381907902017E-01 +0.0000000000000000E+00
+0.2176910708800000E+00 +0.1354902248091985E-01 +0.0000000000000000E+00
+0.2721138386000000E+00 +0.1728486585133551E-01 +0.0000000000000000E+00
+0.3265366063200000E+00 +0.2127246135737521E-01 +0.0000000000000000E+00
+0.3809593740400000E+00 +0.2558318330604779E-01 +0.0000000000000000E+00
+0.4353821417600000E+00 +0.3030210906579039E-01 +0.0000000000000000E+00
+0.4898049094800001E+00 +0.3553227922028569E-01 +0.0000000000000000E+00
+0.5442276772000001E+00 +0.4139981503780003E-01 +0.0000000000000000E+00
+0.5986504449200000E+00 +0.4805961348065309E-01 +0.0000000000000000E+00
+0.6530732126400001E+00 +0.5570076463655967E-01 +0.0000000000000000E+00
+0.7074959803600001E+00 +0.6455062119554393E-01 +0.0000000000000000E+00
+0.7619187480800000E+00 +0.7487952239955099E-01 +0.0000000000000000E+00
+0.8163415158000000E+00 +0.8701965011793533E-01 +0.0000000000000000E+00
+0.8707642835200000E+00 +0.1014240135528944E+00 +0.0000000000000000E+00
+0.9251870512400001E+00 +0.1187662785286171E+00 +0.0000000000000000E+00
+0.9796098189600002E+00 +0.1400217875338161E+00 +0.0000000000000000E+00
+0.1034032586680000E+01 +0.1664873883548706E+00 +0.0000000000000000E+00
+0.1088455354400000E+01 +0.1997693702269491E+00 +0.0000000000000000E+00
+0.1142878122120000E+01 +0.2417183384001159E+00 +0.0000000000000000E+00
+0.1197300889840000E+01 +0.2941302385806247E+00 +0.0000000000000000E+00
+0.1251723657560000E+01 +0.3578416041254135E+00 +0.0000000000000000E+00
+0.1306146425280000E+01 +0.4307124114882017E+00 +0.0000000000000000E+00
+0.1360569193000000E+01 +0.5044840277614357E+00 +0.0000000000000000E+00
+0.1414991960720000E+01 +0.5628725261219402E+00 +0.0000000000000000E+00
+0.1469414728440000E+01 +0.5865369504414892E+00 +0.0000000000000000E+00
+0.1523837496160000E+01 +0.5661927476113041E+00 +0.0000000000000000E+00
+0.1578260263880000E+01 +0.5107989922715417E+00 +0.0000000000000000E+00
+0.1632683031600000E+01 +0.4396509990726585E+00 +0.0000000000000000E+00
+0.1687105799320000E+01 +0.3691921161643189E+00 +0.0000000000000000E+00
+0.1741528567040000E+01 +0.3078530804844439E+00 +0.0000000000000000E+00
+0.1795951334760000E+01 +0.2578833259861275E+00 +0.0000000000000000E+00
+0.1850374102480000E+01 +0.2185081797517168E+00 +0.0000000000000000E+00
+0.1904796870200000E+01 +0.1879818683133566E+00 +0.0000000000000000E+00
+0.1959219637920000E+01 +0.1645243479200668E+00 +0.0000000000000000E+00
+0.2013642405640000E+01 +0.1466403864944599E+00 +0.0000000000000000E+00
+0.2068065173360000E+01 +0.1331746762108101E+00 +0.0000000000000000E+00
+0.2122487941080000E+01 +0.1232768736506123E+00 +0.0000000000000000E+00
+0.2176910708800000E+01 +0.1163479827746369E+00 +0.0000000000000000E+00
+0.2231333476520000E+01 +0.1119930690149360E+00 +0.0000000000000000E+00
+0.2285756244240000E+01 +0.1099864692627465E+00 +0.0000000000000000E+00
+0.2340179011960000E+01 +0.1102479116869143E+00 +0.0000000000000000E+00
+0.2394601779680000E+01 +0.1128227005515635E+00 +0.0000000000000000E+00
+0.2449024547400000E+01 +0.1178508563594793E+00 +0.0000000000000000E+00
+0.2503447315120000E+01 +0.1254946112553394E+00 +0.0000000000000000E+00
+0.2557870082840000E+01 +0.1357735890462027E+00 +0.0000000000000000E+00
+0.2612292850560000E+01 +0.1482646032759971E+00 +0.0000000000000000E+00
+0.2666715618280000E+01 +0.1617521896760287E+00 +0.0000000000000000E+00
+0.2721138386000000E+01 +0.1742430934715747E+00 +0.0000000000000000E+00
+0.2775561153720000E+01 +0.1839056283687034E+00 +0.0000000000000000E+00
+0.2829983921440000E+01 +0.1904925141137549E+00 +0.0000000000000000E+00
+0.2884406689160000E+01 +0.1954717591937203E+00 +0.0000000000000000E+00
+0.2938829456880000E+01 +0.2004990507820439E+00 +0.0000000000000000E+00
+0.2993252224600000E+01 +0.2061277265786675E+00 +0.0000000000000000E+00
+0.3047674992320000E+01 +0.2118057995741444E+00 +0.0000000000000000E+00
+0.3102097760040000E+01 +0.2167333931637327E+00 +0.0000000000000000E+00
+0.3156520527760000E+01 +0.2207856655130015E+00 +0.0000000000000000E+00
+0.3210943295480000E+01 +0.2243843647852679E+00 +0.0000000000000000E+00
+0.3265366063200000E+01 +0.2274691946027316E+00 +0.0000000000000000E+00
+0.3319788830920000E+01 +0.2293440051089840E+00 +0.0000000000000000E+00
+0.3374211598640000E+01 +0.2298256243920485E+00 +0.0000000000000000E+00
+0.3428634366360000E+01 +0.2298235089030990E+00 +0.0000000000000000E+00
+0.3483057134080000E+01 +0.2302579609499015E+00 +0.0000000000000000E+00
+0.3537479901800000E+01 +0.2310071426458227E+00 +0.0000000000000000E+00
+0.3591902669520000E+01 +0.2315287994120029E+00 +0.0000000000000000E+00
+0.3646325437240000E+01 +0.2321813727125153E+00 +0.0000000000000000E+00
+0.3700748204960000E+01 +0.2342733042689111E+00 +0.0000000000000000E+00
+0.3755170972680001E+01 +0.2390499769785395E+00 +0.0000000000000000E+00
+0.3809593740400000E+01 +0.2472233509826263E+00 +0.0000000000000000E+00
+0.3864016508120001E+01 +0.2592361401194761E+00 +0.0000000000000000E+00
+0.3918439275840001E+01 +0.2754684295559957E+00 +0.0000000000000000E+00
+0.3972862043560000E+01 +0.2962717562555566E+00 +0.0000000000000000E+00
+0.4027284811280000E+01 +0.3219709549985462E+00 +0.0000000000000000E+00
+0.4081707579000000E+01 +0.3525003808024199E+00 +0.0000000000000000E+00
+0.4136130346720000E+01 +0.3867048651437258E+00 +0.0000000000000000E+00
+0.4190553114440000E+01 +0.4219601821934159E+00 +0.0000000000000000E+00
+0.4244975882160000E+01 +0.4547755708823708E+00 +0.0000000000000000E+00
+0.4299398649880001E+01 +0.4827528402331876E+00 +0.0000000000000000E+00
+0.4353821417600001E+01 +0.5067091908280118E+00 +0.0000000000000000E+00
+0.4408244185320000E+01 +0.5306001731923533E+00 +0.0000000000000000E+00
+0.4462666953040000E+01 +0.5593400506568180E+00 +0.0000000000000000E+00
+0.4517089720760000E+01 +0.5971096051354738E+00 +0.0000000000000000E+00
+0.4571512488480001E+01 +0.6468505473765376E+00 +0.0000000000000000E+00
+0.4625935256200001E+01 +0.7094676454117393E+00 +0.0000000000000000E+00
+0.4680358023920000E+01 +0.7819622001736460E+00 +0.0000000000000000E+00
+0.4734780791640000E+01 +0.8560832460269713E+00 +0.0000000000000000E+00
+0.4789203559360000E+01 +0.9216805662652712E+00 +0.0000000000000000E+00
+0.4843626327080000E+01 +0.9748838197843913E+00 +0.0000000000000000E+00
+0.4898049094800000E+01 +0.1020968949942607E+01 +0.0000000000000000E+00
+0.4952471862520000E+01 +0.1065834120972744E+01 +0.0000000000000000E+00
+0.5006894630240001E+01 +0.1107451277326688E+01 +0.0000000000000000E+00
+0.5061317397960000E+01 +0.1139389704086221E+01 +0.0000000000000000E+00
+0.5115740165680000E+01 +0.1160821648272499E+01 +0.0000000000000000E+00
+0.5170162933400000E+01 +0.1176359025766951E+01 +0.0000000000000000E+00
+0.5224585701120001E+01 +0.1184029264375334E+01 +0.0000000000000000E+00
+0.5279008468840001E+01 +0.1169252031237030E+01 +0.0000000000000000E+00
+0.5333431236560000E+01 +0.1116697371608815E+01 +0.0000000000000000E+00
+0.5387854004280000E+01 +0.1028045338144174E+01 +0.0000000000000000E+00
+0.5442276772000000E+01 +0.9227752736174804E+00 +0.0000000000000000E+00
+0.5496699539720001E+01 +0.8231065467009063E+00 +0.0000000000000000E+00
+0.5551122307440001E+01 +0.7430659153939846E+00 +0.0000000000000000E+00
+0.5605545075160001E+01 +0.6880159437062406E+00 +0.0000000000000000E+00
+0.5659967842880000E+01 +0.6581939879835517E+00 +0.0000000000000000E+00
+0.5714390610600000E+01 +0.6513125196818481E+00 +0.0000000000000000E+00
+0.5768813378320000E+01 +0.6635213186616057E+00 +0.0000000000000000E+00
+0.5823236146040000E+01 +0.6899455178224776E+00 +0.0000000000000000E+00
+0.5877658913760000E+01 +0.7256322407073689E+00 +0.0000000000000000E+00
+0.5932081681480001E+01 +0.7656159759756130E+00 +0.0000000000000000E+00
+0.5986504449200001E+01 +0.8030308845545977E+00 +0.0000000000000000E+00
+0.6040927216920000E+01 +0.8284011983074286E+00 +0.0000000000000000E+00
+0.6095349984640000E+01 +0.8334193953601131E+00 +0.0000000000000000E+00
+0.6149772752360001E+01 +0.8150526387548400E+00 +0.0000000000000000E+00
+0.6204195520080001E+01 +0.7746717595044290E+00 +0.0000000000000000E+00
+0.6258618287800001E+01 +0.7168894680748108E+00 +0.0000000000000000E+00
+0.6313041055520000E+01 +0.6505515327724726E+00 +0.0000000000000000E+00
+0.6367463823240000E+01 +0.5860018153797421E+00 +0.0000000000000000E+00
+0.6421886590960001E+01 +0.5297590146975808E+00 +0.0000000000000000E+00
+0.6476309358680001E+01 +0.4827851998667313E+00 +0.0000000000000000E+00
+0.6530732126400000E+01 +0.4431075395190641E+00 +0.0000000000000000E+00
+0.6585154894120000E+01 +0.4092784389702201E+00 +0.0000000000000000E+00
+0.6639577661840001E+01 +0.3813490241747008E+00 +0.0000000000000000E+00
+0.6694000429560000E+01 +0.3596647375115148E+00 +0.0000000000000000E+00
+0.6748423197280000E+01 +0.3438187716869306E+00 +0.0000000000000000E+00
+0.6802845965000000E+01 +0.3321572606877220E+00 +0.0000000000000000E+00
+0.6857268732720001E+01 +0.3216222664624124E+00 +0.0000000000000000E+00
+0.6911691500440001E+01 +0.3089189554812576E+00 +0.0000000000000000E+00
+0.6966114268160000E+01 +0.2927214865654532E+00 +0.0000000000000000E+00
+0.7020537035880000E+01 +0.2743483449382320E+00 +0.0000000000000000E+00
+0.7074959803600001E+01 +0.2561743241334550E+00 +0.0000000000000000E+00
+0.7129382571320001E+01 +0.2399989674105934E+00 +0.0000000000000000E+00
+0.7183805339040001E+01 +0.2263857899103733E+00 +0.0000000000000000E+00
+0.7238228106760001E+01 +0.2145765562127918E+00 +0.0000000000000000E+00
+0.7292650874480000E+01 +0.2031479271363744E+00 +0.0000000000000000E+00
+0.7347073642200001E+01 +0.1912199419066311E+00 +0.0000000000000000E+00
+0.7401496409920001E+01 +0.1790832526393402E+00 +0.0000000000000000E+00
+0.7455919177640001E+01 +0.1677661049669629E+00 +0.0000000000000000E+00
+0.7510341945360001E+01 +0.1581783941512855E+00 +0.0000000000000000E+00
+0.7564764713080002E+01 +0.1505420677085720E+00 +0.0000000000000000E+00
+0.7619187480800001E+01 +0.1444717527353462E+00 +0.0000000000000000E+00
+0.7673610248520001E+01 +0.1395763795737172E+00 +0.0000000000000000E+00
+0.7728033016240001E+01 +0.1358935600653134E+00 +0.0000000000000000E+00
+0.7782455783960001E+01 +0.1335965759940526E+00 +0.0000000000000000E+00
+0.7836878551680002E+01 +0.1323578943415631E+00 +0.0000000000000000E+00
+0.7891301319400000E+01 +0.1311534680231811E+00 +0.0000000000000000E+00
+0.7945724087120000E+01 +0.1288168456710578E+00 +0.0000000000000000E+00
+0.8000146854840001E+01 +0.1247981721899384E+00 +0.0000000000000000E+00
+0.8054569622560001E+01 +0.1192336013802620E+00 +0.0000000000000000E+00
+0.8108992390280001E+01 +0.1125242138195765E+00 +0.0000000000000000E+00
+0.8163415157999999E+01 +0.1051917417605839E+00 +0.0000000000000000E+00
+0.8217837925720000E+01 +0.9790951949798056E-01 +0.0000000000000000E+00
+0.8272260693440000E+01 +0.9137825858083876E-01 +0.0000000000000000E+00
+0.8326683461160000E+01 +0.8611313995090951E-01 +0.0000000000000000E+00
+0.8381106228880000E+01 +0.8231712680895339E-01 +0.0000000000000000E+00
+0.8435528996600000E+01 +0.7988375912791262E-01 +0.0000000000000000E+00
+0.8489951764320001E+01 +0.7846628173524386E-01 +0.0000000000000000E+00
+0.8544374532040001E+01 +0.7757873982635582E-01 +0.0000000000000000E+00
+0.8598797299760001E+01 +0.7671724156653247E-01 +0.0000000000000000E+00
+0.8653220067480001E+01 +0.7549940781211197E-01 +0.0000000000000000E+00
+0.8707642835200001E+01 +0.7378703625657936E-01 +0.0000000000000000E+00
+0.8762065602920000E+01 +0.7161590965883953E-01 +0.0000000000000000E+00
+0.8816488370640000E+01 +0.6898864481485351E-01 +0.0000000000000000E+00
+0.8870911138360000E+01 +0.6588000847577584E-01 +0.0000000000000000E+00
+0.8925333906080001E+01 +0.6240115639635857E-01 +0.0000000000000000E+00
+0.8979756673800001E+01 +0.5880501438689459E-01 +0.0000000000000000E+00
+0.9034179441520001E+01 +0.5537205002765171E-01 +0.0000000000000000E+00
+0.9088602209240001E+01 +0.5232834501210165E-01 +0.0000000000000000E+00
+0.9143024976960001E+01 +0.4980568519702563E-01 +0.0000000000000000E+00
+0.9197447744680002E+01 +0.4784500576625011E-01 +0.0000000000000000E+00
+0.9251870512400002E+01 +0.4643134426034524E-01 +0.0000000000000000E+00
+0.9306293280120002E+01 +0.4552287122381380E-01 +0.0000000000000000E+00
+0.9360716047840000E+01 +0.4505306365887365E-01 +0.0000000000000000E+00
+0.9415138815560001E+01 +0.4490767956317520E-01 +0.0000000000000000E+00
+0.9469561583280001E+01 +0.4489996593884790E-01 +0.0000000000000000E+00
+0.9523984351000001E+01 +0.4480095380447616E-01 +0.0000000000000000E+00
+0.9578407118720000E+01 +0.4446231716575370E-01 +0.0000000000000000E+00
+0.9632829886440000E+01 +0.4392797791895962E-01 +0.0000000000000000E+00
+0.9687252654160000E+01 +0.4338363083399980E-01 +0.0000000000000000E+00
+0.9741675421880000E+01 +0.4300393446553996E-01 +0.0000000000000000E+00
+0.9796098189600000E+01 +0.4285462741173335E-01 +0.0000000000000000E+00
+0.9850520957320001E+01 +0.4287844901636276E-01 +0.0000000000000000E+00
+0.9904943725040001E+01 +0.4293511350826533E-01 +0.0000000000000000E+00
+0.9959366492760001E+01 +0.4289657843117701E-01 +0.0000000000000000E+00
+0.1001378926048000E+02 +0.4275238228838921E-01 +0.0000000000000000E+00
+0.1006821202820000E+02 +0.4261450106076889E-01 +0.0000000000000000E+00
+0.1012263479592000E+02 +0.4262446199848959E-01 +0.0000000000000000E+00
+0.1017705756364000E+02 +0.4288244884099703E-01 +0.0000000000000000E+00
+0.1023148033136000E+02 +0.4344442190847069E-01 +0.0000000000000000E+00
+0.1028590309908000E+02 +0.4434718516780708E-01 +0.0000000000000000E+00
+0.1034032586680000E+02 +0.4562447823470583E-01 +0.0000000000000000E+00
+0.1039474863452000E+02 +0.4730618401187096E-01 +0.0000000000000000E+00
+0.1044917140224000E+02 +0.4940815758133405E-01 +0.0000000000000000E+00
+0.1050359416996000E+02 +0.5192586956930906E-01 +0.0000000000000000E+00
+0.1055801693768000E+02 +0.5484528742454482E-01 +0.0000000000000000E+00
+0.1061243970540000E+02 +0.5816611521413971E-01 +0.0000000000000000E+00
+0.1066686247312000E+02 +0.6191593984095005E-01 +0.0000000000000000E+00
+0.1072128524084000E+02 +0.6614605503505379E-01 +0.0000000000000000E+00
+0.1077570800856000E+02 +0.7087937878663784E-01 +0.0000000000000000E+00
+0.1083013077628000E+02 +0.7595458531435181E-01 +0.0000000000000000E+00
+0.1088455354400000E+02 +0.8084161664172398E-01 +0.0000000000000000E+00
+0.1093897631172000E+02 +0.8471592060455352E-01 +0.0000000000000000E+00
+0.1099339907944000E+02 +0.8697340024853548E-01 +0.0000000000000000E+00
+0.1104782184716000E+02 +0.8779666017870860E-01 +0.0000000000000000E+00
+0.1110224461488000E+02 +0.8811532267247799E-01 +0.0000000000000000E+00
+0.1115666738260000E+02 +0.8902708424986697E-01 +0.0000000000000000E+00
+0.1121109015032000E+02 +0.9135674073741318E-01 +0.0000000000000000E+00
+0.1126551291804000E+02 +0.9560297385510888E-01 +0.0000000000000000E+00
+0.1131993568576000E+02 +0.1020183661388729E+00 +0.0000000000000000E+00
+0.1137435845348000E+02 +0.1105866256091974E+00 +0.0000000000000000E+00
+0.1142878122120000E+02 +0.1208363552648721E+00 +0.0000000000000000E+00
+0.1148320398892000E+02 +0.1316053638967808E+00 +0.0000000000000000E+00
+0.1153762675664000E+02 +0.1411029015414176E+00 +0.0000000000000000E+00
+0.1159204952436000E+02 +0.1476441985546036E+00 +0.0000000000000000E+00
+0.1164647229208000E+02 +0.1508022075564203E+00 +0.0000000000000000E+00
+0.1170089505980000E+02 +0.1518461079884050E+00 +0.0000000000000000E+00
+0.1175531782752000E+02 +0.1527855931699990E+00 +0.0000000000000000E+00
+0.1180974059524000E+02 +0.1550097747033590E+00 +0.0000000000000000E+00
+0.1186416336296000E+02 +0.1587835433534006E+00 +0.0000000000000000E+00
+0.1191858613068000E+02 +0.1637084818999608E+00 +0.0000000000000000E+00
+0.1197300889840000E+02 +0.1695089456168215E+00 +0.0000000000000000E+00
+0.1202743166612000E+02 +0.1764584516248585E+00 +0.0000000000000000E+00
+0.1208185443384000E+02 +0.1851453731162374E+00 +0.0000000000000000E+00
+0.1213627720156000E+02 +0.1958451460585516E+00 +0.0000000000000000E+00
+0.1219069996928000E+02 +0.2080096070584351E+00 +0.0000000000000000E+00
+0.1224512273700000E+02 +0.2200346878264179E+00 +0.0000000000000000E+00
+0.1229954550472000E+02 +0.2294920600869314E+00 +0.0000000000000000E+00
+0.1235396827244000E+02 +0.2342716614316088E+00 +0.0000000000000000E+00
+0.1240839104016000E+02 +0.2341959483679151E+00 +0.0000000000000000E+00
+0.1246281380788000E+02 +0.2313495135018962E+00 +0.0000000000000000E+00
+0.1251723657560000E+02 +0.2284969208428273E+00 +0.0000000000000000E+00
+0.1257165934332000E+02 +0.2274892590518468E+00 +0.0000000000000000E+00
+0.1262608211104000E+02 +0.2290557058463729E+00 +0.0000000000000000E+00
+0.1268050487876000E+02 +0.2332518613393660E+00 +0.0000000000000000E+00
+0.1273492764648000E+02 +0.2396377533271860E+00 +0.0000000000000000E+00
+0.1278935041420000E+02 +0.2473497970718340E+00 +0.0000000000000000E+00
+0.1284377318192000E+02 +0.2556019537058777E+00 +0.0000000000000000E+00
+0.1289819594964000E+02 +0.2643615096168415E+00 +0.0000000000000000E+00
+0.1295261871736000E+02 +0.2742923575686656E+00 +0.0000000000000000E+00
+0.1300704148508000E+02 +0.2857731085388321E+00 +0.0000000000000000E+00
+0.1306146425280000E+02 +0.2980232055465899E+00 +0.0000000000000000E+00
+0.1311588702052000E+02 +0.3093968296321816E+00 +0.0000000000000000E+00
+0.1317030978824000E+02 +0.3187335049215924E+00 +0.0000000000000000E+00
+0.1322473255596000E+02 +0.3263589123039837E+00 +0.0000000000000000E+00
+0.1327915532368000E+02 +0.3335630442127347E+00 +0.0000000000000000E+00
+0.1333357809140000E+02 +0.3413901664615102E+00 +0.0000000000000000E+00
+0.1338800085912000E+02 +0.3502669304511925E+00 +0.0000000000000000E+00
+0.1344242362684000E+02 +0.3605643310321582E+00 +0.0000000000000000E+00
+0.1349684639456000E+02 +0.3730905751544054E+00 +0.0000000000000000E+00
+0.1355126916228000E+02 +0.3887835873053054E+00 +0.0000000000000000E+00
+0.1360569193000000E+02 +0.4080798546449715E+00 +0.0000000000000000E+00
+0.1366011469772000E+02 +0.4309505775092261E+00 +0.0000000000000000E+00
+0.1371453746544000E+02 +0.4574829038046315E+00 +0.0000000000000000E+00
+0.1376896023316000E+02 +0.4880970473458989E+00 +0.0000000000000000E+00
+0.1382338300088000E+02 +0.5231794019817618E+00 +0.0000000000000000E+00
+0.1387780576860000E+02 +0.5622751729519466E+00 +0.0000000000000000E+00
+0.1393222853632000E+02 +0.6029247189689195E+00 +0.0000000000000000E+00
+0.1398665130404000E+02 +0.6402530446361823E+00 +0.0000000000000000E+00
+0.1404107407176000E+02 +0.6685574893192748E+00 +0.0000000000000000E+00
+0.1409549683948000E+02 +0.6835410662196540E+00 +0.0000000000000000E+00
+0.1414991960720000E+02 +0.6834189396876212E+00 +0.0000000000000000E+00
+0.1420434237492000E+02 +0.6697509982287403E+00 +0.0000000000000000E+00
+0.1425876514264000E+02 +0.6478925772975543E+00 +0.0000000000000000E+00
+0.1431318791036000E+02 +0.6249521173499343E+00 +0.0000000000000000E+00
+0.1436761067808000E+02 +0.6060508449008303E+00 +0.0000000000000000E+00
+0.1442203344580000E+02 +0.5926636013467728E+00 +0.0000000000000000E+00
+0.1447645621352000E+02 +0.5840915551385424E+00 +0.0000000000000000E+00
+0.1453087898124000E+02 +0.5795089068917751E+00 +0.0000000000000000E+00
+0.1458530174896000E+02 +0.5783890776190301E+00 +0.0000000000000000E+00
+0.1463972451668000E+02 +0.5800564198265545E+00 +0.0000000000000000E+00
+0.1469414728440000E+02 +0.5839334533784659E+00 +0.0000000000000000E+00
+0.1474857005212000E+02 +0.5899695400983740E+00 +0.0000000000000000E+00
+0.1480299281984000E+02 +0.5982903831901258E+00 +0.0000000000000000E+00
+0.1485741558756000E+02 +0.6085720154109833E+00 +0.0000000000000000E+00
+0.1491183835528000E+02 +0.6200823833924485E+00 +0.0000000000000000E+00
+0.1496626112300000E+02 +0.6323202927137488E+00 +0.0000000000000000E+00
+0.1502068389072000E+02 +0.6453543061912375E+00 +0.0000000000000000E+00
+0.1507510665844000E+02 +0.6596827725852417E+00 +0.0000000000000000E+00
+0.1512952942616000E+02 +0.6760784645944061E+00 +0.0000000000000000E+00
+0.1518395219388000E+02 +0.6955406521562473E+00 +0.0000000000000000E+00
+0.1523837496160000E+02 +0.7193357645249975E+00 +0.0000000000000000E+00
+0.1529279772932000E+02 +0.7487105359090138E+00 +0.0000000000000000E+00
+0.1534722049704000E+02 +0.7837379062270353E+00 +0.0000000000000000E+00
+0.1540164326476000E+02 +0.8225038764957613E+00 +0.0000000000000000E+00
+0.1545606603248000E+02 +0.8619300233992820E+00 +0.0000000000000000E+00
+0.1551048880020000E+02 +0.8983931286712171E+00 +0.0000000000000000E+00
+0.1556491156792000E+02 +0.9267025347867763E+00 +0.0000000000000000E+00
+0.1561933433564000E+02 +0.9407138603272325E+00 +0.0000000000000000E+00
+0.1567375710336000E+02 +0.9380045513688149E+00 +0.0000000000000000E+00
+0.1572817987108000E+02 +0.9234078154798455E+00 +0.0000000000000000E+00
+0.1578260263880000E+02 +0.9054083250806193E+00 +0.0000000000000000E+00
+0.1583702540652000E+02 +0.8898400411211547E+00 +0.0000000000000000E+00
+0.1589144817424000E+02 +0.8780442198390923E+00 +0.0000000000000000E+00
+0.1594587094196000E+02 +0.8692779670500341E+00 +0.0000000000000000E+00
+0.1600029370968000E+02 +0.8633619477934845E+00 +0.0000000000000000E+00
+0.1605471647740000E+02 +0.8613025273687795E+00 +0.0000000000000000E+00
+0.1610913924512000E+02 +0.8643792495170322E+00 +0.0000000000000000E+00
+0.1616356201284000E+02 +0.8730119553958952E+00 +0.0000000000000000E+00
+0.1621798478056000E+02 +0.8868331637152488E+00 +0.0000000000000000E+00
+0.1627240754828000E+02 +0.9060013923594225E+00 +0.0000000000000000E+00
+0.1632683031600000E+02 +0.9318386316309027E+00 +0.0000000000000000E+00
+0.1638125308372000E+02 +0.9658694041836081E+00 +0.0000000000000000E+00
+0.1643567585144000E+02 +0.1008644097145586E+01 +0.0000000000000000E+00
+0.1649009861916000E+02 +0.1059302030799499E+01 +0.0000000000000000E+00
+0.1654452138688000E+02 +0.1115112433757217E+01 +0.0000000000000000E+00
+0.1659894415460000E+02 +0.1171768979848002E+01 +0.0000000000000000E+00
+0.1665336692232000E+02 +0.1224824845294952E+01 +0.0000000000000000E+00
+0.1670778969004000E+02 +0.1269287918974534E+01 +0.0000000000000000E+00
+0.1676221245776000E+02 +0.1298323524177095E+01 +0.0000000000000000E+00
+0.1681663522548000E+02 +0.1307369902078964E+01 +0.0000000000000000E+00
+0.1687105799320000E+02 +0.1301686290578180E+01 +0.0000000000000000E+00
+0.1692548076092000E+02 +0.1295895311678314E+01 +0.0000000000000000E+00
+0.1697990352864000E+02 +0.1304235318919091E+01 +0.0000000000000000E+00
+0.1703432629636000E+02 +0.1332338381595388E+01 +0.0000000000000000E+00
+0.1708874906408000E+02 +0.1376951663371478E+01 +0.0000000000000000E+00
+0.1714317183180000E+02 +0.1430685920277459E+01 +0.0000000000000000E+00
+0.1719759459952000E+02 +0.1484609045716944E+01 +0.0000000000000000E+00
+0.1725201736724000E+02 +0.1526317787842153E+01 +0.0000000000000000E+00
+0.1730644013496000E+02 +0.1539861695048169E+01 +0.0000000000000000E+00
+0.1736086290268000E+02 +0.1513038473957776E+01 +0.0000000000000000E+00
+0.1741528567040000E+02 +0.1447007208155556E+01 +0.0000000000000000E+00
+0.1746970843812000E+02 +0.1355982896204701E+01 +0.0000000000000000E+00
+0.1752413120584000E+02 +0.1256637301734618E+01 +0.0000000000000000E+00
+0.1757855397356000E+02 +0.1160357079590301E+01 +0.0000000000000000E+00
+0.1763297674128000E+02 +0.1073486469182497E+01 +0.0000000000000000E+00
+0.1768739950900000E+02 +0.9999517355362990E+00 +0.0000000000000000E+00
+0.1774182227672000E+02 +0.9416929933986953E+00 +0.0000000000000000E+00
+0.1779624504444000E+02 +0.8979019908153210E+00 +0.0000000000000000E+00
+0.1785066781216000E+02 +0.8658636294502378E+00 +0.0000000000000000E+00
+0.1790509057988000E+02 +0.8428875177450994E+00 +0.0000000000000000E+00
+0.1795951334760000E+02 +0.8272845608938726E+00 +0.0000000000000000E+00
+0.1801393611532000E+02 +0.8182072600217281E+00 +0.0000000000000000E+00
+0.1806835888304000E+02 +0.8144668254838651E+00 +0.0000000000000000E+00
+0.1812278165076000E+02 +0.8133547632254562E+00 +0.0000000000000000E+00
+0.1817720441848000E+02 +0.8113188152620523E+00 +0.0000000000000000E+00
+0.1823162718620000E+02 +0.8056947218799975E+00 +0.0000000000000000E+00
+0.1828604995392000E+02 +0.7949816862291772E+00 +0.0000000000000000E+00
+0.1834047272164000E+02 +0.7773942403781904E+00 +0.0000000000000000E+00
+0.1839489548936000E+02 +0.7509207150434851E+00 +0.0000000000000000E+00
+0.1844931825708000E+02 +0.7162195817933559E+00 +0.0000000000000000E+00
+0.1850374102480000E+02 +0.6779992472656586E+00 +0.0000000000000000E+00
+0.1855816379252000E+02 +0.6421411807599104E+00 +0.0000000000000000E+00
+0.1861258656024000E+02 +0.6124460034319259E+00 +0.0000000000000000E+00
+0.1866700932796000E+02 +0.5903682524681115E+00 +0.0000000000000000E+00
+0.1872143209568000E+02 +0.5761947690454374E+00 +0.0000000000000000E+00
+0.1877585486340000E+02 +0.5694896556653843E+00 +0.0000000000000000E+00
+0.1883027763112000E+02 +0.5688063853594880E+00 +0.0000000000000000E+00
+0.1888470039884000E+02 +0.5716124757603596E+00 +0.0000000000000000E+00
+0.1893912316656000E+02 +0.5750028612052169E+00 +0.0000000000000000E+00
+0.1899354593428000E+02 +0.5769435743673401E+00 +0.0000000000000000E+00
+0.1904796870200000E+02 +0.5769796210131046E+00 +0.0000000000000000E+00
+0.1910239146972000E+02 +0.5756179677348929E+00 +0.0000000000000000E+00
+0.1915681423744000E+02 +0.5731580193215655E+00 +0.0000000000000000E+00
+0.1921123700516000E+02 +0.5694802514378166E+00 +0.0000000000000000E+00
+0.1926565977288000E+02 +0.5650548042496193E+00 +0.0000000000000000E+00
+0.1932008254060000E+02 +0.5614660233479289E+00 +0.0000000000000000E+00
+0.1937450530832000E+02 +0.5599267093119166E+00 +0.0000000000000000E+00
+0.1942892807604000E+02 +0.5596992266077865E+00 +0.0000000000000000E+00
+0.1948335084376000E+02 +0.5591811263056548E+00 +0.0000000000000000E+00
+0.1953777361148000E+02 +0.5582813532517583E+00 +0.0000000000000000E+00
+0.1959219637920000E+02 +0.5587663030714524E+00 +0.0000000000000000E+00
+0.1964661914692000E+02 +0.5626561686003818E+00 +0.0000000000000000E+00
+0.1970104191464000E+02 +0.5708835933641984E+00 +0.0000000000000000E+00
+0.1975546468236000E+02 +0.5832972827114904E+00 +0.0000000000000000E+00
+0.1980988745008000E+02 +0.5993202343413271E+00 +0.0000000000000000E+00
+0.1986431021780000E+02 +0.6174494857887567E+00 +0.0000000000000000E+00
+0.1991873298552000E+02 +0.6340344954941668E+00 +0.0000000000000000E+00
+0.1997315575324000E+02 +0.6442156913505528E+00 +0.0000000000000000E+00
+0.2002757852096000E+02 +0.6451305554982283E+00 +0.0000000000000000E+00
+0.2008200128868000E+02 +0.6376797855608596E+00 +0.0000000000000000E+00
+0.2013642405640000E+02 +0.6253836554178123E+00 +0.0000000000000000E+00
+0.2019084682412000E+02 +0.6126520232111055E+00 +0.0000000000000000E+00
+0.2024526959184000E+02 +0.6032906729895977E+00 +0.0000000000000000E+00
+0.2029969235956000E+02 +0.5989987865345543E+00 +0.0000000000000000E+00
+0.2035411512728000E+02 +0.5992212482648688E+00 +0.0000000000000000E+00
+0.2040853789500000E+02 +0.6023754666303114E+00 +0.0000000000000000E+00
+0.2046296066272000E+02 +0.6066493280784153E+00 +0.0000000000000000E+00
+0.2051738343044000E+02 +0.6102549291309015E+00 +0.0000000000000000E+00
+0.2057180619816000E+02 +0.6121201564961288E+00 +0.0000000000000000E+00
+0.2062622896588000E+02 +0.6122340887050051E+00 +0.0000000000000000E+00
+0.2068065173360000E+02 +0.6106092046477909E+00 +0.0000000000000000E+00
+0.2073507450132000E+02 +0.6058818429011740E+00 +0.0000000000000000E+00
+0.2078949726904000E+02 +0.5955680751914781E+00 +0.0000000000000000E+00
+0.2084392003676000E+02 +0.5785663450561391E+00 +0.0000000000000000E+00
+0.2089834280448000E+02 +0.5571863114423863E+00 +0.0000000000000000E+00
+0.2095276557220000E+02 +0.5358528866186647E+00 +0.0000000000000000E+00
+0.2100718833992000E+02 +0.5181833441841321E+00 +0.0000000000000000E+00
+0.2106161110764000E+02 +0.5055899200016507E+00 +0.0000000000000000E+00
+0.2111603387536000E+02 +0.4981076764247971E+00 +0.0000000000000000E+00
+0.2117045664308000E+02 +0.4956986621746391E+00 +0.0000000000000000E+00
+0.2122487941080000E+02 +0.4979312171342573E+00 +0.0000000000000000E+00
+0.2127930217852000E+02 +0.5029419069630003E+00 +0.0000000000000000E+00
+0.2133372494624000E+02 +0.5079672916715495E+00 +0.0000000000000000E+00
+0.2138814771396000E+02 +0.5108210225482224E+00 +0.0000000000000000E+00
+0.2144257048168000E+02 +0.5105326410595258E+00 +0.0000000000000000E+00
+0.2149699324940000E+02 +0.5073298330540765E+00 +0.0000000000000000E+00
+0.2155141601712000E+02 +0.5022867931814888E+00 +0.0000000000000000E+00
+0.2160583878484000E+02 +0.4964385115298340E+00 +0.0000000000000000E+00
+0.2166026155256000E+02 +0.4900646422878753E+00 +0.0000000000000000E+00
+0.2171468432028000E+02 +0.4830553547210666E+00 +0.0000000000000000E+00
+0.2176910708800000E+02 +0.4756694767770259E+00 +0.0000000000000000E+00
+0.2182352985572000E+02 +0.4682764600903544E+00 +0.0000000000000000E+00
+0.2187795262344000E+02 +0.4606600348765220E+00 +0.0000000000000000E+00
+0.2193237539116000E+02 +0.4522011146445160E+00 +0.0000000000000000E+00
+0.2198679815888000E+02 +0.4427157381855469E+00 +0.0000000000000000E+00
+0.2204122092660000E+02 +0.4325679863665700E+00 +0.0000000000000000E+00
+0.2209564369432000E+02 +0.4219292401524495E+00 +0.0000000000000000E+00
+0.2215006646204000E+02 +0.4103437612816515E+00 +0.0000000000000000E+00
+0.2220448922976000E+02 +0.3970176110249358E+00 +0.0000000000000000E+00
+0.2225891199748000E+02 +0.3816018735726992E+00 +0.0000000000000000E+00
+0.2231333476520000E+02 +0.3649587408062259E+00 +0.0000000000000000E+00
+0.2236775753292000E+02 +0.3492500591282456E+00 +0.0000000000000000E+00
+0.2242218030064000E+02 +0.3370410341104419E+00 +0.0000000000000000E+00
+0.2247660306836000E+02 +0.3299517323276039E+00 +0.0000000000000000E+00
+0.2253102583608000E+02 +0.3280004999933987E+00 +0.0000000000000000E+00
+0.2258544860380000E+02 +0.3298658311498512E+00 +0.0000000000000000E+00
+0.2263987137152000E+02 +0.3333214584176377E+00 +0.0000000000000000E+00
+0.2269429413924000E+02 +0.3356597971484012E+00 +0.0000000000000000E+00
+0.2274871690696000E+02 +0.3346142673347994E+00 +0.0000000000000000E+00
+0.2280313967468000E+02 +0.3293403726023769E+00 +0.0000000000000000E+00
+0.2285756244240000E+02 +0.3202829545167298E+00 +0.0000000000000000E+00
+0.2291198521012000E+02 +0.3082421615558339E+00 +0.0000000000000000E+00
+0.2296640797784000E+02 +0.2941408643210722E+00 +0.0000000000000000E+00
+0.2302083074556000E+02 +0.2793306331887873E+00 +0.0000000000000000E+00
+0.2307525351328000E+02 +0.2652636934715614E+00 +0.0000000000000000E+00
+0.2312967628100000E+02 +0.2527891188338291E+00 +0.0000000000000000E+00
+0.2318409904872000E+02 +0.2418830186567382E+00 +0.0000000000000000E+00
+0.2323852181644000E+02 +0.2319712316459042E+00 +0.0000000000000000E+00
+0.2329294458416000E+02 +0.2225871429400266E+00 +0.0000000000000000E+00
+0.2334736735188000E+02 +0.2137521921889753E+00 +0.0000000000000000E+00
+0.2340179011960000E+02 +0.2057361188181571E+00 +0.0000000000000000E+00
+0.2345621288732000E+02 +0.1986368843963104E+00 +0.0000000000000000E+00
+0.2351063565504000E+02 +0.1922556799847207E+00 +0.0000000000000000E+00
+0.2356505842276000E+02 +0.1862603399646147E+00 +0.0000000000000000E+00
+0.2361948119048000E+02 +0.1804327582967892E+00 +0.0000000000000000E+00
+0.2367390395820000E+02 +0.1747399747095982E+00 +0.0000000000000000E+00
+0.2372832672592000E+02 +0.1691959179599156E+00 +0.0000000000000000E+00
+0.2378274949364000E+02 +0.1638319062406924E+00 +0.0000000000000000E+00
+0.2383717226136000E+02 +0.1587835126225205E+00 +0.0000000000000000E+00
+0.2389159502908000E+02 +0.1542413680539930E+00 +0.0000000000000000E+00
+0.2394601779680000E+02 +0.1502998219039697E+00 +0.0000000000000000E+00
+0.2400044056452000E+02 +0.1468901432141235E+00 +0.0000000000000000E+00
+0.2405486333224000E+02 +0.1439194719486457E+00 +0.0000000000000000E+00
+0.2410928609996000E+02 +0.1414984348993162E+00 +0.0000000000000000E+00
+0.2416370886768000E+02 +0.1400053843000361E+00 +0.0000000000000000E+00
+0.2421813163540000E+02 +0.1399163349310659E+00 +0.0000000000000000E+00
+0.2427255440312000E+02 +0.1415182908750110E+00 +0.0000000000000000E+00
+0.2432697717084000E+02 +0.1446893801135091E+00 +0.0000000000000000E+00
+0.2438139993856000E+02 +0.1488437358342334E+00 +0.0000000000000000E+00
+0.2443582270628000E+02 +0.1530466508016571E+00 +0.0000000000000000E+00
+0.2449024547400000E+02 +0.1562681537771254E+00 +0.0000000000000000E+00
+0.2454466824172000E+02 +0.1577745703453157E+00 +0.0000000000000000E+00
+0.2459909100944000E+02 +0.1576202796600344E+00 +0.0000000000000000E+00
+0.2465351377716000E+02 +0.1567995586272744E+00 +0.0000000000000000E+00
+0.2470793654488000E+02 +0.1567460920306216E+00 +0.0000000000000000E+00
+0.2476235931260000E+02 +0.1586093058358186E+00 +0.0000000000000000E+00
+0.2481678208032000E+02 +0.1628208319640113E+00 +0.0000000000000000E+00
+0.2487120484804000E+02 +0.1690124257787106E+00 +0.0000000000000000E+00
+0.2492562761576000E+02 +0.1762389877711581E+00 +0.0000000000000000E+00
+0.2498005038348000E+02 +0.1835655185852126E+00 +0.0000000000000000E+00
+0.2503447315120000E+02 +0.1906503784953289E+00 +0.0000000000000000E+00
+0.2508889591892000E+02 +0.1976244797656104E+00 +0.0000000000000000E+00
+0.2514331868664000E+02 +0.2045484005211715E+00 +0.0000000000000000E+00
+0.2519774145436000E+02 +0.2113552976592503E+00 +0.0000000000000000E+00
+0.2525216422208000E+02 +0.2181304025728409E+00 +0.0000000000000000E+00
+0.2530658698980000E+02 +0.2251094756509584E+00 +0.0000000000000000E+00
+0.2536100975752000E+02 +0.2324502942319266E+00 +0.0000000000000000E+00
+0.2541543252524000E+02 +0.2399586337353809E+00 +0.0000000000000000E+00
+0.2546985529296000E+02 +0.2468874661855787E+00 +0.0000000000000000E+00
+0.2552427806068000E+02 +0.2521450154569345E+00 +0.0000000000000000E+00
+0.2557870082840000E+02 +0.2548594683993521E+00 +0.0000000000000000E+00
+0.2563312359612000E+02 +0.2547249471321905E+00 +0.0000000000000000E+00
+0.2568754636384000E+02 +0.2518462096577693E+00 +0.0000000000000000E+00
+0.2574196913156000E+02 +0.2464214953525920E+00 +0.0000000000000000E+00
+0.2579639189928000E+02 +0.2388190689947435E+00 +0.0000000000000000E+00
+0.2585081466700000E+02 +0.2298275078645265E+00 +0.0000000000000000E+00
+0.2590523743472000E+02 +0.2204721397490729E+00 +0.0000000000000000E+00
+0.2595966020244000E+02 +0.2116311799196010E+00 +0.0000000000000000E+00
+0.2601408297016000E+02 +0.2038804938745992E+00 +0.0000000000000000E+00
+0.2606850573788000E+02 +0.1974843151410107E+00 +0.0000000000000000E+00
+0.2612292850560000E+02 +0.1923932616557613E+00 +0.0000000000000000E+00
+0.2617735127332000E+02 +0.1882617268028007E+00 +0.0000000000000000E+00
+0.2623177404104000E+02 +0.1845600860436756E+00 +0.0000000000000000E+00
+0.2628619680876000E+02 +0.1808216935265145E+00 +0.0000000000000000E+00
+0.2634061957648000E+02 +0.1769164044607962E+00 +0.0000000000000000E+00
+0.2639504234420000E+02 +0.1731054583598267E+00 +0.0000000000000000E+00
+0.2644946511192000E+02 +0.1697297064204135E+00 +0.0000000000000000E+00
+0.2650388787964000E+02 +0.1668170922770303E+00 +0.0000000000000000E+00
+0.2655831064736000E+02 +0.1640625183736638E+00 +0.0000000000000000E+00
+0.2661273341508000E+02 +0.1610978277502993E+00 +0.0000000000000000E+00
+0.2666715618280000E+02 +0.1577433552893868E+00 +0.0000000000000000E+00
+0.2672157895052000E+02 +0.1541194536260838E+00 +0.0000000000000000E+00
+0.2677600171824000E+02 +0.1505556087563279E+00 +0.0000000000000000E+00
+0.2683042448596000E+02 +0.1473566303720165E+00 +0.0000000000000000E+00
+0.2688484725368000E+02 +0.1445847753491147E+00 +0.0000000000000000E+00
+0.2693927002140000E+02 +0.1419913050879369E+00 +0.0000000000000000E+00
+0.2699369278912000E+02 +0.1391834648502281E+00 +0.0000000000000000E+00
+0.2704811555684000E+02 +0.1359355017029338E+00 +0.0000000000000000E+00
+0.2710253832456000E+02 +0.1322576072643012E+00 +0.0000000000000000E+00
+0.2715696109228000E+02 +0.1281252115509980E+00 +0.0000000000000000E+00
