 
 (dielectric tensor, independent particle approximation)
 
 frequency index and value:      1    0.00000000
 real part, imaginary part below
   -0.54133939   -0.00089354   -0.00099240        -0.00887061   -0.00001586   -0.00002519
   -0.00089354   -0.54208395    0.00274907        -0.00001586   -0.00887031    0.00007200
   -0.00099240    0.00274907   -0.53948312        -0.00002519    0.00007200   -0.00879484
 
 frequency index and value:      2    0.00083333
 real part, imaginary part below
   -0.54234649   -0.00089534   -0.00099526        -0.00890702   -0.00001595   -0.00002535
   -0.00089534   -0.54309102    0.00275725        -0.00001595   -0.00890669    0.00007246
   -0.00099526    0.00275725   -0.54048161        -0.00002535    0.00007246   -0.00883074
 
 frequency index and value:      3    0.00166667
 real part, imaginary part below
   -0.54335773   -0.00089715   -0.00099814        -0.00894368   -0.00001604   -0.00002551
   -0.00089715   -0.54410222    0.00276547        -0.00001604   -0.00894331    0.00007292
   -0.00099814    0.00276547   -0.54148419        -0.00002551    0.00007292   -0.00886688
 
 frequency index and value:      4    0.00250000
 real part, imaginary part below
   -0.54437313   -0.00089897   -0.00100104        -0.00898058   -0.00001612   -0.00002567
   -0.00089897   -0.54511758    0.00277375        -0.00001612   -0.00898018    0.00007339
   -0.00100104    0.00277375   -0.54249087        -0.00002567    0.00007339   -0.00890326
 
 frequency index and value:      5    0.00333333
 real part, imaginary part below
   -0.54539272   -0.00090080   -0.00100395        -0.00901773   -0.00001621   -0.00002584
   -0.00090080   -0.54613713    0.00278209        -0.00001621   -0.00901729    0.00007386
   -0.00100395    0.00278209   -0.54350168        -0.00002584    0.00007386   -0.00893988
 
 frequency index and value:      6    0.00416667
 real part, imaginary part below
   -0.54641653   -0.00090264   -0.00100689        -0.00905513   -0.00001630   -0.00002600
   -0.00090264   -0.54716089    0.00279048        -0.00001630   -0.00905466    0.00007434
   -0.00100689    0.00279048   -0.54451665        -0.00002600    0.00007434   -0.00897674
 
 frequency index and value:      7    0.00500000
 real part, imaginary part below
   -0.54744459   -0.00090449   -0.00100984        -0.00909278   -0.00001639   -0.00002617
   -0.00090449   -0.54818889    0.00279892        -0.00001639   -0.00909227    0.00007482
   -0.00100984    0.00279892   -0.54553581        -0.00002617    0.00007482   -0.00901385
 
 frequency index and value:      8    0.00583333
 real part, imaginary part below
   -0.54847693   -0.00090635   -0.00101281        -0.00913069   -0.00001649   -0.00002633
   -0.00090635   -0.54922117    0.00280742        -0.00001649   -0.00913014    0.00007530
   -0.00101281    0.00280742   -0.54655918        -0.00002633    0.00007530   -0.00905121
 
 frequency index and value:      9    0.00666667
 real part, imaginary part below
   -0.54951357   -0.00090823   -0.00101580        -0.00916885   -0.00001658   -0.00002650
   -0.00090823   -0.55025775    0.00281597        -0.00001658   -0.00916827    0.00007579
   -0.00101580    0.00281597   -0.54758679        -0.00002650    0.00007579   -0.00908882
 
 frequency index and value:     10    0.00750000
 real part, imaginary part below
   -0.55055455   -0.00091011   -0.00101881        -0.00920728   -0.00001667   -0.00002668
   -0.00091011   -0.55129866    0.00282457        -0.00001667   -0.00920665    0.00007629
   -0.00101881    0.00282457   -0.54861868        -0.00002668    0.00007629   -0.00912669
 
 frequency index and value:     11    0.00833333
 real part, imaginary part below
   -0.55159989   -0.00091200   -0.00102184        -0.00924596   -0.00001677   -0.00002685
   -0.00091200   -0.55234392    0.00283324        -0.00001677   -0.00924530    0.00007679
   -0.00102184    0.00283324   -0.54965486        -0.00002685    0.00007679   -0.00916481
 
 frequency index and value:     12    0.00916667
 real part, imaginary part below
   -0.55264962   -0.00091390   -0.00102489        -0.00928491   -0.00001686   -0.00002702
   -0.00091390   -0.55339358    0.00284196        -0.00001686   -0.00928421    0.00007730
   -0.00102489    0.00284196   -0.55069538        -0.00002702    0.00007730   -0.00920319
 
 frequency index and value:     13    0.01000000
 real part, imaginary part below
   -0.55370378   -0.00091582   -0.00102796        -0.00932413   -0.00001696   -0.00002720
   -0.00091582   -0.55444766    0.00285074        -0.00001696   -0.00932338    0.00007781
   -0.00102796    0.00285074   -0.55174026        -0.00002720    0.00007781   -0.00924184
 
 frequency index and value:     14    0.01083333
 real part, imaginary part below
   -0.55476239   -0.00091774   -0.00103105        -0.00936361   -0.00001705   -0.00002738
   -0.00091774   -0.55550618    0.00285957        -0.00001705   -0.00936283    0.00007832
   -0.00103105    0.00285957   -0.55278952        -0.00002738    0.00007832   -0.00928074
 
 frequency index and value:     15    0.01166667
 real part, imaginary part below
   -0.55582548   -0.00091968   -0.00103416        -0.00940337   -0.00001715   -0.00002756
   -0.00091968   -0.55656919    0.00286847        -0.00001715   -0.00940255    0.00007884
   -0.00103416    0.00286847   -0.55384320        -0.00002756    0.00007884   -0.00931992
 
 frequency index and value:     16    0.01250000
 real part, imaginary part below
   -0.55689309   -0.00092163   -0.00103729        -0.00944340   -0.00001725   -0.00002774
   -0.00092163   -0.55763670    0.00287742        -0.00001725   -0.00944254    0.00007937
   -0.00103729    0.00287742   -0.55490134        -0.00002774    0.00007937   -0.00935936
 
 frequency index and value:     17    0.01333333
 real part, imaginary part below
   -0.55796525   -0.00092359   -0.00104044        -0.00948371   -0.00001735   -0.00002792
   -0.00092359   -0.55870876    0.00288643        -0.00001735   -0.00948281    0.00007990
   -0.00104044    0.00288643   -0.55596395        -0.00002792    0.00007990   -0.00939907
 
 frequency index and value:     18    0.01416667
 real part, imaginary part below
   -0.55904199   -0.00092556   -0.00104361        -0.00952431   -0.00001745   -0.00002811
   -0.00092556   -0.55978539    0.00289551        -0.00001745   -0.00952336    0.00008043
   -0.00104361    0.00289551   -0.55703107        -0.00002811    0.00008043   -0.00943906
 
 frequency index and value:     19    0.01500000
 real part, imaginary part below
   -0.56012333   -0.00092754   -0.00104680        -0.00956518   -0.00001755   -0.00002830
   -0.00092754   -0.56086663    0.00290464        -0.00001755   -0.00956419    0.00008097
   -0.00104680    0.00290464   -0.55810273        -0.00002830    0.00008097   -0.00947932
 
 frequency index and value:     20    0.01583333
 real part, imaginary part below
   -0.56120932   -0.00092953   -0.00105001        -0.00960634   -0.00001765   -0.00002848
   -0.00092953   -0.56195251    0.00291384        -0.00001765   -0.00960531    0.00008152
   -0.00105001    0.00291384   -0.55917897        -0.00002848    0.00008152   -0.00951987
 
 frequency index and value:     21    0.01666667
 real part, imaginary part below
   -0.56229998   -0.00093154   -0.00105325        -0.00964779   -0.00001776   -0.00002868
   -0.00093154   -0.56304305    0.00292309        -0.00001776   -0.00964671    0.00008207
   -0.00105325    0.00292309   -0.56025981        -0.00002868    0.00008207   -0.00956070
 
 frequency index and value:     22    0.01750000
 real part, imaginary part below
   -0.56339535   -0.00093355   -0.00105650        -0.00968953   -0.00001786   -0.00002887
   -0.00093355   -0.56413830    0.00293241        -0.00001786   -0.00968841    0.00008263
   -0.00105650    0.00293241   -0.56134529        -0.00002887    0.00008263   -0.00960181
 
 frequency index and value:     23    0.01833333
 real part, imaginary part below
   -0.56449546   -0.00093558   -0.00105978        -0.00973156   -0.00001797   -0.00002906
   -0.00093558   -0.56523828    0.00294180        -0.00001797   -0.00973040    0.00008320
   -0.00105978    0.00294180   -0.56243544        -0.00002906    0.00008320   -0.00964321
 
 frequency index and value:     24    0.01916667
 real part, imaginary part below
   -0.56560035   -0.00093762   -0.00106308        -0.00977390   -0.00001807   -0.00002926
   -0.00093762   -0.56634303    0.00295125        -0.00001807   -0.00977269    0.00008377
   -0.00106308    0.00295125   -0.56353029        -0.00002926    0.00008377   -0.00968490
 
 frequency index and value:     25    0.02000000
 real part, imaginary part below
   -0.56671004   -0.00093967   -0.00106641        -0.00981653   -0.00001818   -0.00002946
   -0.00093967   -0.56745258    0.00296076        -0.00001818   -0.00981527    0.00008434
   -0.00106641    0.00296076   -0.56462987        -0.00002946    0.00008434   -0.00972689
 
 frequency index and value:     26    0.02083333
 real part, imaginary part below
   -0.56782457   -0.00094174   -0.00106975        -0.00985947   -0.00001829   -0.00002966
   -0.00094174   -0.56856698    0.00297034        -0.00001829   -0.00985816    0.00008492
   -0.00106975    0.00297034   -0.56573423        -0.00002966    0.00008492   -0.00976917
 
 frequency index and value:     27    0.02166667
 real part, imaginary part below
   -0.56894398   -0.00094381   -0.00107312        -0.00990271   -0.00001840   -0.00002986
   -0.00094381   -0.56968624    0.00297998        -0.00001840   -0.00990136    0.00008551
   -0.00107312    0.00297998   -0.56684338        -0.00002986    0.00008551   -0.00981175
 
 frequency index and value:     28    0.02250000
 real part, imaginary part below
   -0.57006830   -0.00094590   -0.00107651        -0.00994626   -0.00001851   -0.00003007
   -0.00094590   -0.57081041    0.00298969        -0.00001851   -0.00994487    0.00008610
   -0.00107651    0.00298969   -0.56795737        -0.00003007    0.00008610   -0.00985464
 
 frequency index and value:     29    0.02333333
 real part, imaginary part below
   -0.57119757   -0.00094800   -0.00107992        -0.00999013   -0.00001862   -0.00003028
   -0.00094800   -0.57193951    0.00299947        -0.00001862   -0.00998868    0.00008670
   -0.00107992    0.00299947   -0.56907624        -0.00003028    0.00008670   -0.00989783
 
 frequency index and value:     30    0.02416667
 real part, imaginary part below
   -0.57233182   -0.00095012   -0.00108336        -0.01003431   -0.00001874   -0.00003048
   -0.00095012   -0.57307360    0.00300932        -0.00001874   -0.01003282    0.00008731
   -0.00108336    0.00300932   -0.57020000        -0.00003048    0.00008731   -0.00994133
 
 frequency index and value:     31    0.02500000
 real part, imaginary part below
   -0.57347109   -0.00095225   -0.00108682        -0.01007881   -0.00001885   -0.00003070
   -0.00095225   -0.57421270    0.00301923        -0.00001885   -0.01007727    0.00008792
   -0.00108682    0.00301923   -0.57132871        -0.00003070    0.00008792   -0.00998514
 
 frequency index and value:     32    0.02583333
 real part, imaginary part below
   -0.57461541   -0.00095439   -0.00109031        -0.01012364   -0.00001897   -0.00003091
   -0.00095439   -0.57535684    0.00302922        -0.00001897   -0.01012204    0.00008854
   -0.00109031    0.00302922   -0.57246240        -0.00003091    0.00008854   -0.01002927
 
 frequency index and value:     33    0.02666667
 real part, imaginary part below
   -0.57576482   -0.00095654   -0.00109382        -0.01016879   -0.00001908   -0.00003113
   -0.00095654   -0.57650607    0.00303927        -0.00001908   -0.01016714    0.00008916
   -0.00109382    0.00303927   -0.57360109        -0.00003113    0.00008916   -0.01007372
 
 frequency index and value:     34    0.02750000
 real part, imaginary part below
   -0.57691936   -0.00095871   -0.00109736        -0.01021427   -0.00001920   -0.00003134
   -0.00095871   -0.57766043    0.00304940        -0.00001920   -0.01021257    0.00008980
   -0.00109736    0.00304940   -0.57474483        -0.00003134    0.00008980   -0.01011849
 
 frequency index and value:     35    0.02833333
 real part, imaginary part below
   -0.57807907   -0.00096089   -0.00110091        -0.01026008   -0.00001932   -0.00003156
   -0.00096089   -0.57881994    0.00305959        -0.00001932   -0.01025833    0.00009043
   -0.00110091    0.00305959   -0.57589366        -0.00003156    0.00009043   -0.01016358
 
 frequency index and value:     36    0.02916667
 real part, imaginary part below
   -0.57924398   -0.00096308   -0.00110450        -0.01030623   -0.00001944   -0.00003179
   -0.00096308   -0.57998465    0.00306986        -0.00001944   -0.01030443    0.00009108
   -0.00110450    0.00306986   -0.57704761        -0.00003179    0.00009108   -0.01020900
 
 frequency index and value:     37    0.03000000
 real part, imaginary part below
   -0.58041413   -0.00096529   -0.00110811        -0.01035271   -0.00001956   -0.00003201
   -0.00096529   -0.58115459    0.00308021        -0.00001956   -0.01035086    0.00009173
   -0.00110811    0.00308021   -0.57820672        -0.00003201    0.00009173   -0.01025476
 
 frequency index and value:     38    0.03083333
 real part, imaginary part below
   -0.58158956   -0.00096751   -0.00111174        -0.01039955   -0.00001968   -0.00003224
   -0.00096751   -0.58232981    0.00309062        -0.00001968   -0.01039764    0.00009239
   -0.00111174    0.00309062   -0.57937102        -0.00003224    0.00009239   -0.01030085
 
 frequency index and value:     39    0.03166667
 real part, imaginary part below
   -0.58277031   -0.00096974   -0.00111541        -0.01044672   -0.00001981   -0.00003247
   -0.00096974   -0.58351034    0.00310112        -0.00001981   -0.01044477    0.00009306
   -0.00111541    0.00310112   -0.58054056        -0.00003247    0.00009306   -0.01034728
 
 frequency index and value:     40    0.03250000
 real part, imaginary part below
   -0.58395641   -0.00097199   -0.00111909        -0.01049425   -0.00001993   -0.00003270
   -0.00097199   -0.58469623    0.00311168        -0.00001993   -0.01049224    0.00009373
   -0.00111909    0.00311168   -0.58171537        -0.00003270    0.00009373   -0.01039405
 
 frequency index and value:     41    0.03333333
 real part, imaginary part below
   -0.58514792   -0.00097426   -0.00112281        -0.01054214   -0.00002006   -0.00003294
   -0.00097426   -0.58588750    0.00312233        -0.00002006   -0.01054007    0.00009441
   -0.00112281    0.00312233   -0.58289550        -0.00003294    0.00009441   -0.01044117
 
 frequency index and value:     42    0.03416667
 real part, imaginary part below
   -0.58634486   -0.00097653   -0.00112655        -0.01059038   -0.00002018   -0.00003318
   -0.00097653   -0.58708421    0.00313305        -0.00002018   -0.01058825    0.00009510
   -0.00112655    0.00313305   -0.58408097        -0.00003318    0.00009510   -0.01048863
 
 frequency index and value:     43    0.03500000
 real part, imaginary part below
   -0.58754728   -0.00097882   -0.00113031        -0.01063898   -0.00002031   -0.00003342
   -0.00097882   -0.58828639    0.00314385        -0.00002031   -0.01063680    0.00009579
   -0.00113031    0.00314385   -0.58527184        -0.00003342    0.00009579   -0.01053645
 
 frequency index and value:     44    0.03583333
 real part, imaginary part below
   -0.58875522   -0.00098113   -0.00113411        -0.01068795   -0.00002044   -0.00003366
   -0.00098113   -0.58949408    0.00315473        -0.00002044   -0.01068571    0.00009650
   -0.00113411    0.00315473   -0.58646814        -0.00003366    0.00009650   -0.01058463
 
 frequency index and value:     45    0.03666667
 real part, imaginary part below
   -0.58996872   -0.00098345   -0.00113793        -0.01073729   -0.00002058   -0.00003390
   -0.00098345   -0.59070733    0.00316568        -0.00002058   -0.01073499    0.00009721
   -0.00113793    0.00316568   -0.58766990        -0.00003390    0.00009721   -0.01063317
 
 frequency index and value:     46    0.03750000
 real part, imaginary part below
   -0.59118783   -0.00098579   -0.00114178        -0.01078700   -0.00002071   -0.00003415
   -0.00098579   -0.59192617    0.00317672        -0.00002071   -0.01078464    0.00009793
   -0.00114178    0.00317672   -0.58887719        -0.00003415    0.00009793   -0.01068207
 
 frequency index and value:     47    0.03833333
 real part, imaginary part below
   -0.59241258   -0.00098814   -0.00114566        -0.01083709   -0.00002084   -0.00003440
   -0.00098814   -0.59315065    0.00318784        -0.00002084   -0.01083467    0.00009865
   -0.00114566    0.00318784   -0.59009002        -0.00003440    0.00009865   -0.01073135
 
 frequency index and value:     48    0.03916667
 real part, imaginary part below
   -0.59364302   -0.00099051   -0.00114957        -0.01088756   -0.00002098   -0.00003466
   -0.00099051   -0.59438082    0.00319905        -0.00002098   -0.01088508    0.00009939
   -0.00114957    0.00319905   -0.59130845        -0.00003466    0.00009939   -0.01078099
 
 frequency index and value:     49    0.04000000
 real part, imaginary part below
   -0.59487919   -0.00099289   -0.00115350        -0.01093842   -0.00002112   -0.00003491
   -0.00099289   -0.59561671    0.00321033        -0.00002112   -0.01093588    0.00010013
   -0.00115350    0.00321033   -0.59253252        -0.00003491    0.00010013   -0.01083102
 
 frequency index and value:     50    0.04083333
 real part, imaginary part below
   -0.59612114   -0.00099529   -0.00115747        -0.01098967   -0.00002126   -0.00003517
   -0.00099529   -0.59685836    0.00322170        -0.00002126   -0.01098706    0.00010088
   -0.00115747    0.00322170   -0.59376227        -0.00003517    0.00010088   -0.01088142
 
 frequency index and value:     51    0.04166667
 real part, imaginary part below
   -0.59736891   -0.00099770   -0.00116146        -0.01104131   -0.00002140   -0.00003544
   -0.00099770   -0.59810584    0.00323316        -0.00002140   -0.01103864    0.00010164
   -0.00116146    0.00323316   -0.59499774        -0.00003544    0.00010164   -0.01093221
 
 frequency index and value:     52    0.04250000
 real part, imaginary part below
   -0.59862254   -0.00100013   -0.00116549        -0.01109335   -0.00002154   -0.00003570
   -0.00100013   -0.59935917    0.00324470        -0.00002154   -0.01109062    0.00010241
   -0.00116549    0.00324470   -0.59623899        -0.00003570    0.00010241   -0.01098338
 
 frequency index and value:     53    0.04333333
 real part, imaginary part below
   -0.59988208   -0.00100258   -0.00116954        -0.01114580   -0.00002168   -0.00003597
   -0.00100258   -0.60061840    0.00325633        -0.00002168   -0.01114300    0.00010318
   -0.00116954    0.00325633   -0.59748604        -0.00003597    0.00010318   -0.01103495
 
 frequency index and value:     54    0.04416667
 real part, imaginary part below
   -0.60114758   -0.00100504   -0.00117362        -0.01119865   -0.00002183   -0.00003624
   -0.00100504   -0.60188358    0.00326805        -0.00002183   -0.01119578    0.00010397
   -0.00117362    0.00326805   -0.59873895        -0.00003624    0.00010397   -0.01108692
 
 frequency index and value:     55    0.04500000
 real part, imaginary part below
   -0.60241908   -0.00100752   -0.00117774        -0.01125191   -0.00002197   -0.00003651
   -0.00100752   -0.60315475    0.00327985        -0.00002197   -0.01124898    0.00010476
   -0.00117774    0.00327985   -0.59999777        -0.00003651    0.00010476   -0.01113929
 
 frequency index and value:     56    0.04583333
 real part, imaginary part below
   -0.60369663   -0.00101001   -0.00118189        -0.01130559   -0.00002212   -0.00003679
   -0.00101001   -0.60443197    0.00329175        -0.00002212   -0.01130259    0.00010557
   -0.00118189    0.00329175   -0.60126253        -0.00003679    0.00010557   -0.01119207
 
 frequency index and value:     57    0.04666667
 real part, imaginary part below
   -0.60498028   -0.00101252   -0.00118606        -0.01135970   -0.00002227   -0.00003707
   -0.00101252   -0.60571528    0.00330374        -0.00002227   -0.01135663    0.00010638
   -0.00118606    0.00330374   -0.60253328        -0.00003707    0.00010638   -0.01124526
 
 frequency index and value:     58    0.04750000
 real part, imaginary part below
   -0.60627007   -0.00101505   -0.00119027        -0.01141422   -0.00002242   -0.00003736
   -0.00101505   -0.60700472    0.00331582        -0.00002242   -0.01141109    0.00010720
   -0.00119027    0.00331582   -0.60381008        -0.00003736    0.00010720   -0.01129886
 
 frequency index and value:     59    0.04833333
 real part, imaginary part below
   -0.60756605   -0.00101760   -0.00119452        -0.01146918   -0.00002257   -0.00003764
   -0.00101760   -0.60830035    0.00332799        -0.00002257   -0.01146598    0.00010803
   -0.00119452    0.00332799   -0.60509296        -0.00003764    0.00010803   -0.01135289
 
 frequency index and value:     60    0.04916667
 real part, imaginary part below
   -0.60886828   -0.00102016   -0.00119879        -0.01152458   -0.00002273   -0.00003793
   -0.00102016   -0.60960221    0.00334026        -0.00002273   -0.01152130    0.00010887
   -0.00119879    0.00334026   -0.60638198        -0.00003793    0.00010887   -0.01140734
 
 frequency index and value:     61    0.05000000
 real part, imaginary part below
   -0.61017680   -0.00102274   -0.00120310        -0.01158041   -0.00002289   -0.00003823
   -0.00102274   -0.61091035    0.00335262        -0.00002289   -0.01157706    0.00010972
   -0.00120310    0.00335262   -0.60767718        -0.00003823    0.00010972   -0.01146222
 
 frequency index and value:     62    0.05083333
 real part, imaginary part below
   -0.61149165   -0.00102534   -0.00120744        -0.01163670   -0.00002304   -0.00003852
   -0.00102534   -0.61222483    0.00336508        -0.00002304   -0.01163327    0.00011058
   -0.00120744    0.00336508   -0.60897861        -0.00003852    0.00011058   -0.01151753
 
 frequency index and value:     63    0.05166667
 real part, imaginary part below
   -0.61281290   -0.00102796   -0.00121181        -0.01169343   -0.00002320   -0.00003882
   -0.00102796   -0.61354568    0.00337764        -0.00002320   -0.01168993    0.00011145
   -0.00121181    0.00337764   -0.61028633        -0.00003882    0.00011145   -0.01157328
 
 frequency index and value:     64    0.05250000
 real part, imaginary part below
   -0.61414059   -0.00103059   -0.00121622        -0.01175062   -0.00002337   -0.00003913
   -0.00103059   -0.61487298    0.00339030        -0.00002337   -0.01174704    0.00011234
   -0.00121622    0.00339030   -0.61160038        -0.00003913    0.00011234   -0.01162948
 
 frequency index and value:     65    0.05333333
 real part, imaginary part below
   -0.61547478   -0.00103324   -0.00122066        -0.01180827   -0.00002353   -0.00003944
   -0.00103324   -0.61620676    0.00340305        -0.00002353   -0.01180462    0.00011323
   -0.00122066    0.00340305   -0.61292080        -0.00003944    0.00011323   -0.01168613
 
 frequency index and value:     66    0.05416667
 real part, imaginary part below
   -0.61681551   -0.00103591   -0.00122514        -0.01186638   -0.00002370   -0.00003975
   -0.00103591   -0.61754708    0.00341591        -0.00002370   -0.01186266    0.00011413
   -0.00122514    0.00341591   -0.61424767        -0.00003975    0.00011413   -0.01174323
 
 frequency index and value:     67    0.05500000
 real part, imaginary part below
   -0.61816285   -0.00103861   -0.00122966        -0.01192497   -0.00002386   -0.00004006
   -0.00103861   -0.61889399    0.00342887        -0.00002386   -0.01192117    0.00011504
   -0.00122966    0.00342887   -0.61558102        -0.00004006    0.00011504   -0.01180080
 
 frequency index and value:     68    0.05583333
 real part, imaginary part below
   -0.61951683   -0.00104131   -0.00123420        -0.01198404   -0.00002403   -0.00004038
   -0.00104131   -0.62024754    0.00344193        -0.00002403   -0.01198015    0.00011596
   -0.00123420    0.00344193   -0.61692090        -0.00004038    0.00011596   -0.01185882
 
 frequency index and value:     69    0.05666667
 real part, imaginary part below
   -0.62087753   -0.00104404   -0.00123879        -0.01204359   -0.00002420   -0.00004070
   -0.00104404   -0.62160779    0.00345510        -0.00002420   -0.01203962    0.00011690
   -0.00123879    0.00345510   -0.61826737        -0.00004070    0.00011690   -0.01191732
 
 frequency index and value:     70    0.05750000
 real part, imaginary part below
   -0.62224498   -0.00104679   -0.00124341        -0.01210363   -0.00002438   -0.00004103
   -0.00104679   -0.62297480    0.00346838        -0.00002438   -0.01209958    0.00011784
   -0.00124341    0.00346838   -0.61962049        -0.00004103    0.00011784   -0.01197630
 
 frequency index and value:     71    0.05833333
 real part, imaginary part below
   -0.62361926   -0.00104956   -0.00124807        -0.01216416   -0.00002455   -0.00004136
   -0.00104956   -0.62434861    0.00348176        -0.00002455   -0.01216003    0.00011880
   -0.00124807    0.00348176   -0.62098031        -0.00004136    0.00011880   -0.01203575
 
 frequency index and value:     72    0.05916667
 real part, imaginary part below
   -0.62500041   -0.00105235   -0.00125277        -0.01222519   -0.00002473   -0.00004169
   -0.00105235   -0.62572929    0.00349525        -0.00002473   -0.01222098    0.00011977
   -0.00125277    0.00349525   -0.62234688        -0.00004169    0.00011977   -0.01209570
 
 frequency index and value:     73    0.06000000
 real part, imaginary part below
   -0.62638849   -0.00105515   -0.00125750        -0.01228673   -0.00002491   -0.00004203
   -0.00105515   -0.62711689    0.00350885        -0.00002491   -0.01228243    0.00012075
   -0.00125750    0.00350885   -0.62372025        -0.00004203    0.00012075   -0.01215614
 
 frequency index and value:     74    0.06083333
 real part, imaginary part below
   -0.62778356   -0.00105798   -0.00126227        -0.01234878   -0.00002509   -0.00004237
   -0.00105798   -0.62851147    0.00352256        -0.00002509   -0.01234440    0.00012174
   -0.00126227    0.00352256   -0.62510049        -0.00004237    0.00012174   -0.01221707
 
 frequency index and value:     75    0.06166667
 real part, imaginary part below
   -0.62918567   -0.00106083   -0.00126709        -0.01241135   -0.00002527   -0.00004272
   -0.00106083   -0.62991309    0.00353638        -0.00002527   -0.01240688    0.00012275
   -0.00126709    0.00353638   -0.62648765        -0.00004272    0.00012275   -0.01227851
 
 frequency index and value:     76    0.06250000
 real part, imaginary part below
   -0.63059489   -0.00106370   -0.00127194        -0.01247444   -0.00002546   -0.00004307
   -0.00106370   -0.63132180    0.00355032        -0.00002546   -0.01246989    0.00012376
   -0.00127194    0.00355032   -0.62788178        -0.00004307    0.00012376   -0.01234046
 
 frequency index and value:     77    0.06333333
 real part, imaginary part below
   -0.63201128   -0.00106659   -0.00127683        -0.01253807   -0.00002565   -0.00004343
   -0.00106659   -0.63273767    0.00356437        -0.00002565   -0.01253342    0.00012479
   -0.00127683    0.00356437   -0.62928295        -0.00004343    0.00012479   -0.01240293
 
 frequency index and value:     78    0.06416667
 real part, imaginary part below
   -0.63343489   -0.00106950   -0.00128176        -0.01260223   -0.00002584   -0.00004378
   -0.00106950   -0.63416075    0.00357854        -0.00002584   -0.01259749    0.00012583
   -0.00128176    0.00357854   -0.63069122        -0.00004378    0.00012583   -0.01246593
 
 frequency index and value:     79    0.06500000
 real part, imaginary part below
   -0.63486579   -0.00107244   -0.00128673        -0.01266694   -0.00002603   -0.00004415
   -0.00107244   -0.63559111    0.00359283        -0.00002603   -0.01266211    0.00012689
   -0.00128673    0.00359283   -0.63210664        -0.00004415    0.00012689   -0.01252945
 
 frequency index and value:     80    0.06583333
 real part, imaginary part below
   -0.63630403   -0.00107539   -0.00129174        -0.01273219   -0.00002623   -0.00004452
   -0.00107539   -0.63702881    0.00360724        -0.00002623   -0.01272727    0.00012795
   -0.00129174    0.00360724   -0.63352927        -0.00004452    0.00012795   -0.01259350
 
 frequency index and value:     81    0.06666667
 real part, imaginary part below
   -0.63774969   -0.00107837   -0.00129680        -0.01279801   -0.00002642   -0.00004489
   -0.00107837   -0.63847390    0.00362177        -0.00002642   -0.01279299    0.00012904
   -0.00129680    0.00362177   -0.63495917        -0.00004489    0.00012904   -0.01265810
 
 frequency index and value:     82    0.06750000
 real part, imaginary part below
   -0.63920281   -0.00108137   -0.00130189        -0.01286439   -0.00002662   -0.00004527
   -0.00108137   -0.63992646    0.00363642        -0.00002662   -0.01285927    0.00013013
   -0.00130189    0.00363642   -0.63639642        -0.00004527    0.00013013   -0.01272325
 
 frequency index and value:     83    0.06833333
 real part, imaginary part below
   -0.64066348   -0.00108439   -0.00130703        -0.01293133   -0.00002682   -0.00004565
   -0.00108439   -0.64138655    0.00365120        -0.00002682   -0.01292612    0.00013124
   -0.00130703    0.00365120   -0.63784106        -0.00004565    0.00013124   -0.01278896
 
 frequency index and value:     84    0.06916667
 real part, imaginary part below
   -0.64213175   -0.00108744   -0.00131222        -0.01299886   -0.00002703   -0.00004604
   -0.00108744   -0.64285422    0.00366610        -0.00002703   -0.01299355    0.00013236
   -0.00131222    0.00366610   -0.63929316        -0.00004604    0.00013236   -0.01285522
 
 frequency index and value:     85    0.07000000
 real part, imaginary part below
   -0.64360769   -0.00109051   -0.00131745        -0.01306697   -0.00002724   -0.00004643
   -0.00109051   -0.64432955    0.00368113        -0.00002724   -0.01306156    0.00013350
   -0.00131745    0.00368113   -0.64075278        -0.00004643    0.00013350   -0.01292206
 
 frequency index and value:     86    0.07083333
 real part, imaginary part below
   -0.64509136   -0.00109360   -0.00132272        -0.01313568   -0.00002745   -0.00004683
   -0.00109360   -0.64581261    0.00369629        -0.00002745   -0.01313017    0.00013465
   -0.00132272    0.00369629   -0.64222000        -0.00004683    0.00013465   -0.01298947
 
 frequency index and value:     87    0.07166667
 real part, imaginary part below
   -0.64658283   -0.00109672   -0.00132803        -0.01320498   -0.00002766   -0.00004723
   -0.00109672   -0.64730346    0.00371157        -0.00002766   -0.01319937    0.00013582
   -0.00132803    0.00371157   -0.64369487        -0.00004723    0.00013582   -0.01305746
 
 frequency index and value:     88    0.07250000
 real part, imaginary part below
   -0.64808217   -0.00109986   -0.00133340        -0.01327489   -0.00002787   -0.00004764
   -0.00109986   -0.64880216    0.00372700        -0.00002787   -0.01326917    0.00013700
   -0.00133340    0.00372700   -0.64517746        -0.00004764    0.00013700   -0.01312605
 
 frequency index and value:     89    0.07333333
 real part, imaginary part below
   -0.64958945   -0.00110302   -0.00133881        -0.01334542   -0.00002809   -0.00004805
   -0.00110302   -0.65030879    0.00374255        -0.00002809   -0.01333959    0.00013819
   -0.00133881    0.00374255   -0.64666784        -0.00004805    0.00013819   -0.01319523
 
 frequency index and value:     90    0.07416667
 real part, imaginary part below
   -0.65110474   -0.00110621   -0.00134426        -0.01341657   -0.00002831   -0.00004847
   -0.00110621   -0.65182342    0.00375824        -0.00002831   -0.01341064    0.00013940
   -0.00134426    0.00375824   -0.64816608        -0.00004847    0.00013940   -0.01326502
 
 frequency index and value:     91    0.07500000
 real part, imaginary part below
   -0.65262811   -0.00110942   -0.00134976        -0.01348835   -0.00002853   -0.00004889
   -0.00110942   -0.65334612    0.00377407        -0.00002853   -0.01348231    0.00014063
   -0.00134976    0.00377407   -0.64967224        -0.00004889    0.00014063   -0.01333543
 
 frequency index and value:     92    0.07583333
 real part, imaginary part below
   -0.65415963   -0.00111266   -0.00135531        -0.01356077   -0.00002876   -0.00004932
   -0.00111266   -0.65487695    0.00379004        -0.00002876   -0.01355462    0.00014188
   -0.00135531    0.00379004   -0.65118639        -0.00004932    0.00014188   -0.01340645
 
 frequency index and value:     93    0.07666667
 real part, imaginary part below
   -0.65569937   -0.00111593   -0.00136091        -0.01363383   -0.00002899   -0.00004975
   -0.00111593   -0.65641599    0.00380615        -0.00002899   -0.01362757    0.00014314
   -0.00136091    0.00380615   -0.65270861        -0.00004975    0.00014314   -0.01347810
 
 frequency index and value:     94    0.07750000
 real part, imaginary part below
   -0.65724741   -0.00111922   -0.00136656        -0.01370755   -0.00002922   -0.00005019
   -0.00111922   -0.65796332    0.00382240        -0.00002922   -0.01370118    0.00014441
   -0.00136656    0.00382240   -0.65423897        -0.00005019    0.00014441   -0.01355039
 
 frequency index and value:     95    0.07833333
 real part, imaginary part below
   -0.65880382   -0.00112254   -0.00137226        -0.01378194   -0.00002945   -0.00005064
   -0.00112254   -0.65951900    0.00383879        -0.00002945   -0.01377545    0.00014570
   -0.00137226    0.00383879   -0.65577753        -0.00005064    0.00014570   -0.01362333
 
 frequency index and value:     96    0.07916667
 real part, imaginary part below
   -0.66036868   -0.00112588   -0.00137801        -0.01385700   -0.00002969   -0.00005109
   -0.00112588   -0.66108312    0.00385534        -0.00002969   -0.01385039    0.00014702
   -0.00137801    0.00385534   -0.65732438        -0.00005109    0.00014702   -0.01369691
 
 frequency index and value:     97    0.08000000
 real part, imaginary part below
   -0.66194206   -0.00112925   -0.00138381        -0.01393273   -0.00002993   -0.00005155
   -0.00112925   -0.66265575    0.00387203        -0.00002993   -0.01392600    0.00014834
   -0.00138381    0.00387203   -0.65887958        -0.00005155    0.00014834   -0.01377116
 
 frequency index and value:     98    0.08083333
 real part, imaginary part below
   -0.66352404   -0.00113265   -0.00138966        -0.01400916   -0.00003018   -0.00005201
   -0.00113265   -0.66423696    0.00388887        -0.00003018   -0.01400231    0.00014969
   -0.00138966    0.00388887   -0.66044321        -0.00005201    0.00014969   -0.01384608
 
 frequency index and value:     99    0.08166667
 real part, imaginary part below
   -0.66511470   -0.00113608   -0.00139557        -0.01408629   -0.00003042   -0.00005248
   -0.00113608   -0.66582684    0.00390587        -0.00003042   -0.01407932    0.00015105
   -0.00139557    0.00390587   -0.66201535        -0.00005248    0.00015105   -0.01392168
 
 frequency index and value:    100    0.08250000
 real part, imaginary part below
   -0.66671411   -0.00113953   -0.00140153        -0.01416412   -0.00003067   -0.00005296
   -0.00113953   -0.66742546    0.00392302        -0.00003067   -0.01415703    0.00015244
   -0.00140153    0.00392302   -0.66359608        -0.00005296    0.00015244   -0.01399797
 
 frequency index and value:    101    0.08333333
 real part, imaginary part below
   -0.66832236   -0.00114301   -0.00140754        -0.01424268   -0.00003093   -0.00005344
   -0.00114301   -0.66903291    0.00394032        -0.00003093   -0.01423545    0.00015384
   -0.00140754    0.00394032   -0.66518546        -0.00005344    0.00015384   -0.01407495
 
 frequency index and value:    102    0.08416667
 real part, imaginary part below
   -0.66993953   -0.00114652   -0.00141361        -0.01432196   -0.00003118   -0.00005393
   -0.00114652   -0.67064926    0.00395779        -0.00003118   -0.01431461    0.00015526
   -0.00141361    0.00395779   -0.66678359        -0.00005393    0.00015526   -0.01415264
 
 frequency index and value:    103    0.08500000
 real part, imaginary part below
   -0.67156570   -0.00115006   -0.00141973        -0.01440197   -0.00003144   -0.00005443
   -0.00115006   -0.67227460    0.00397542        -0.00003144   -0.01439449    0.00015670
   -0.00141973    0.00397542   -0.66839054        -0.00005443    0.00015670   -0.01423104
 
 frequency index and value:    104    0.08583333
 real part, imaginary part below
   -0.67320096   -0.00115363   -0.00142591        -0.01448274   -0.00003171   -0.00005493
   -0.00115363   -0.67390901    0.00399321        -0.00003171   -0.01447513    0.00015815
   -0.00142591    0.00399321   -0.67000639        -0.00005493    0.00015815   -0.01431017
 
 frequency index and value:    105    0.08666667
 real part, imaginary part below
   -0.67484539   -0.00115723   -0.00143215        -0.01456426   -0.00003197   -0.00005544
   -0.00115723   -0.67555257    0.00401116        -0.00003197   -0.01455651    0.00015963
   -0.00143215    0.00401116   -0.67163122        -0.00005544    0.00015963   -0.01439004
 
 frequency index and value:    106    0.08750000
 real part, imaginary part below
   -0.67649907   -0.00116086   -0.00143844        -0.01464654   -0.00003225   -0.00005596
   -0.00116086   -0.67720537    0.00402928        -0.00003225   -0.01463866    0.00016113
   -0.00143844    0.00402928   -0.67326513        -0.00005596    0.00016113   -0.01447064
 
 frequency index and value:    107    0.08833333
 real part, imaginary part below
   -0.67816210   -0.00116452   -0.00144479        -0.01472961   -0.00003252   -0.00005648
   -0.00116452   -0.67886750    0.00404758        -0.00003252   -0.01472159    0.00016266
   -0.00144479    0.00404758   -0.67490818        -0.00005648    0.00016266   -0.01455201
 
 frequency index and value:    108    0.08916667
 real part, imaginary part below
   -0.67983456   -0.00116821   -0.00145121        -0.01481346   -0.00003280   -0.00005701
   -0.00116821   -0.68053905    0.00406604        -0.00003280   -0.01480530    0.00016420
   -0.00145121    0.00406604   -0.67656047        -0.00005701    0.00016420   -0.01463413
 
 frequency index and value:    109    0.09000000
 real part, imaginary part below
   -0.68151653   -0.00117194   -0.00145768        -0.01489811   -0.00003308   -0.00005755
   -0.00117194   -0.68222010    0.00408468        -0.00003308   -0.01488981    0.00016576
   -0.00145768    0.00408468   -0.67822209        -0.00005755    0.00016576   -0.01471703
 
 frequency index and value:    110    0.09083333
 real part, imaginary part below
   -0.68320812   -0.00117569   -0.00146421        -0.01498357   -0.00003337   -0.00005810
   -0.00117569   -0.68391075    0.00410350        -0.00003337   -0.01497513    0.00016735
   -0.00146421    0.00410350   -0.67989312        -0.00005810    0.00016735   -0.01480072
 
 frequency index and value:    111    0.09166667
 real part, imaginary part below
   -0.68490941   -0.00117948   -0.00147081        -0.01506985   -0.00003366   -0.00005865
   -0.00117948   -0.68561108    0.00412250        -0.00003366   -0.01506127    0.00016895
   -0.00147081    0.00412250   -0.68157365        -0.00005865    0.00016895   -0.01488520
 
 frequency index and value:    112    0.09250000
 real part, imaginary part below
   -0.68662050   -0.00118330   -0.00147747        -0.01515697   -0.00003395   -0.00005921
   -0.00118330   -0.68732119    0.00414168        -0.00003395   -0.01514823    0.00017059
   -0.00147747    0.00414168   -0.68326377        -0.00005921    0.00017059   -0.01497049
 
 frequency index and value:    113    0.09333333
 real part, imaginary part below
   -0.68834148   -0.00118716   -0.00148419        -0.01524493   -0.00003425   -0.00005978
   -0.00118716   -0.68904117    0.00416105        -0.00003425   -0.01523604    0.00017224
